Origine	Destination	Valeur
1	1	60970,1697
1	2	46411,11082
1	3	18877,4385
1	4	812,3299026
1	5	618,9776993
1	6	487,9644966
1	7	923,5410156
1	8	3687,317318
1	9	7117,881849
1	10	4163,781544
1	11	13501,33822
1	12	8317,58918
1	13	11257,58467
1	14	4339,611832
1	15	1721,944786
1	16	6298,762886
1	17	4338,612625
1	18	1535,746807
1	19	172,1945953
1	609	299,2492981
1	610	3969,689507
1	611	390,6394959
1	612	576,5729065
1	613	921,768692
1	614	595,7103958
1	615	399,3951015
1	616	127,9598007
1	617	292,4496078
1	620	177,8265076
1	621	59,25450134
1	622	193,9220009
1	624	714,2885971
1	626	47,86880112
1	635	87,23619843
2	1	13450,6316
2	2	36534,52968
2	3	13756,46592
2	4	1458,980133
2	5	260,3154907
2	6	189,2646027
2	7	313,6891937
2	8	1031,005997
2	9	869,4821138
2	10	1804,683281
2	11	3863,874969
2	12	3522,073524
2	13	9642,534483
2	14	1721,440895
2	15	52,57030106
2	16	5881,021905
2	17	3614,009621
2	18	197,0298996
2	19	822,2084885
2	609	169,7427979
2	611	54,06159973
2	614	54,22169876
2	617	282,5187073
2	620	239,8325958
2	635	694,7620239
3	1	4088,17922
3	2	9282,475676
3	3	9525,579184
3	4	1282,388313
3	5	377,6807976
3	7	423,2886047
3	8	1246,495209
3	9	1870,361179
3	10	1280,927391
3	11	1304,986305
3	12	1941,065092
3	13	4847,358398
3	14	3421,053421
3	15	616,2792969
3	16	3210,092873
3	17	4032,918121
3	18	1250,722214
3	19	180,0143967
3	609	116,3635025
3	612	433,5343094
3	616	77,20589829
3	620	126,9014025
3	622	129,7912025
3	624	178,0218048
4	1	7262,634348
4	2	12765,25172
4	3	12864,69098
4	4	8587,823429
4	5	663,0289078
4	6	526,8234024
4	7	1098,345615
4	8	3449,368011
4	9	3440,700359
4	10	3456,137398
4	11	2151,431688
4	12	3255,849507
4	13	7006,195236
4	14	5911,823355
4	15	4032,814911
4	16	8063,40654
4	17	6233,627388
4	18	1840,665295
4	19	1359,890411
4	611	125,1155052
4	612	274,0572968
4	620	307,5948944
4	622	60,44200134
4	624	346,2192039
4	626	93,27159882
5	1	7128,16923
5	2	8636,601614
5	3	7048,402536
5	4	1639,439909
5	5	8051,395201
5	6	882,4198036
5	7	1151,55818
5	8	4597,098598
5	9	3678,929131
5	10	2586,829098
5	11	1448,502687
5	12	2370,371914
5	13	5438,882097
5	14	4311,827003
5	15	1613,852692
5	16	5019,000011
5	17	2331,026688
5	18	2302,844889
5	19	2969,86639
5	609	46,89799881
5	610	96,17579651
5	611	95,35620117
5	622	87,55570221
5	624	90,4477005
5	626	81,40440369
6	1	4206,836794
6	2	6382,357609
6	3	6588,649303
6	4	911,3002014
6	5	1732,409409
6	6	3898,545341
6	7	1497,064367
6	8	3420,562492
6	9	4575,626118
6	10	1855,456303
6	11	1555,517984
6	12	2600,038986
6	13	5215,82589
6	14	3832,006607
6	15	982,4405899
6	16	5741,621597
6	17	3122,561577
6	18	1297,46669
6	19	1425,031303
6	611	376,1407013
6	612	156,8937073
6	613	35,35279846
6	614	164,2648926
6	616	63,67409897
6	620	83,91239929
6	621	137,311203
6	624	832,8322067
6	635	62,00249863
7	1	8096,726927
7	2	8141,982706
7	3	8869,693901
7	4	1631,223095
7	5	852,6231232
7	6	1845,813816
7	7	17654,40098
7	8	16434,16191
7	9	7932,655918
7	10	6777,356812
7	11	4968,603626
7	12	6375,546825
7	13	8046,08674
7	14	6216,329437
7	15	2575,7841
7	16	11879,736
7	17	1889,017399
7	18	1450,979492
7	19	2393,847492
7	610	160,6678009
7	611	436,6134949
7	613	116,3635025
7	616	79,4539032
7	620	241,5227051
7	621	250,3184052
7	622	61,2356987
7	624	2410,018227
7	626	239,4246063
7	635	88,16809845
8	1	15740,0923
8	2	26093,06949
8	3	22709,78174
8	4	2637,705791
8	5	1076,182598
8	6	3050,55748
8	7	6458,754814
8	8	44413,5897
8	9	18484,17507
8	10	13968,24607
8	11	7364,254124
8	12	13324,77209
8	13	19185,65772
8	14	13781,98615
8	15	3521,238125
8	16	26459,44534
8	17	5944,699203
8	18	2307,36779
8	19	3217,9944
8	609	599,8987007
8	610	453,0281067
8	611	287,4735031
8	612	1011,634819
8	613	297,0501976
8	614	88,01270294
8	615	67,97550201
8	617	294,9144974
8	619	96,96279907
8	620	684,070694
8	622	366,6437035
8	624	2120,66478
8	626	560,6690941
9	1	6440,145435
9	2	14134,294
9	3	13105,97554
9	4	573,1565933
9	5	985,0508308
9	6	456,8246002
9	7	840,0909195
9	8	6784,538448
9	9	25789,06459
9	10	8036,306553
9	11	3251,986908
9	12	6057,314621
9	13	9256,261282
9	14	5233,826897
9	15	786,7675018
9	16	9468,19715
9	17	2696,657305
9	18	682,1257019
9	19	209,4314957
9	609	66,64330292
9	610	477,6662941
9	611	865,4785004
9	612	1452,053198
9	620	524,3175964
9	621	47,92520142
9	622	431,8683052
9	624	129,303894
9	626	203,0381012
9	635	32,1169014
10	1	20265,84983
10	2	35034,15379
10	3	18046,20297
10	4	917,7989006
10	5	542,2177048
10	6	777,7136955
10	7	1487,724709
10	8	9539,416964
10	9	15927,44212
10	10	45826,00216
10	11	9831,064236
10	12	16245,36098
10	13	20920,71071
10	14	7533,401207
10	15	1309,671303
10	16	15948,95248
10	17	5582,17232
10	18	724,224205
10	19	551,6982975
10	609	1805,295876
10	610	1237,827404
10	611	1125,172501
10	612	1020,029617
10	614	365,0311966
10	615	220,8028984
10	616	124,8490982
10	617	2403,273155
10	619	962,4949951
10	620	425,8618927
10	622	267,0114975
10	624	924,6005859
10	626	559,6604156
11	1	50835,70994
11	2	44871,20491
11	3	20861,58423
11	4	1619,635609
11	5	426,7173958
11	6	1760,81572
11	7	332,7598
11	8	6925,620735
11	9	12714,11829
11	10	24306,55715
11	11	62134,26139
11	12	18475,82506
11	13	20985,3771
11	14	7850,393749
11	15	902,2636147
11	16	9922,505795
11	17	4099,077
11	18	1349,278622
11	19	943,064209
11	609	5758,05164
11	610	1834,630219
11	611	544,8266106
11	612	731,530014
11	613	237,7449036
11	614	594,4289093
11	615	1218,35891
11	616	312,4260941
11	617	347,7342033
11	619	332,0440063
11	620	1185,893707
11	622	396,3616028
11	624	1020,721184
11	626	81,14050293
12	1	6477,185726
12	2	12769,13705
12	3	7389,835567
12	4	325,635704
12	6	404,1549912
12	7	803,0386047
12	8	797,4955139
12	9	2777,773891
12	10	3368,54723
12	11	3993,902607
12	12	13304,31119
12	13	4000,02953
12	14	1908,362392
12	15	640,1674957
12	16	3108,255005
12	17	1252,409302
12	18	163,5437965
12	19	616,5056114
12	609	92,71399689
12	610	131,8988037
12	611	123,8882961
12	612	101,0450974
12	615	237,0250053
12	617	226,7449036
12	622	102,2284012
12	624	47,94210053
13	1	6906,614655
13	2	13802,80155
13	3	11445,32699
13	4	184,6443939
13	6	365,4097977
13	7	88,04270172
13	8	1895,684994
13	9	3354,692307
13	10	2509,865791
13	11	1987,330795
13	12	3650,493328
13	13	16884,11572
13	14	5355,796352
13	15	504,1421051
13	16	3109,7771
13	17	5293,731701
13	18	837,9057121
13	19	59,97769928
13	610	307,9693985
13	612	55,24349976
13	615	54,96929932
13	617	79,25959778
13	619	110,4228973
13	624	737,7641068
13	626	69,82830048
13	635	233,0072021
14	1	1221,093094
14	2	4538,766304
14	3	4197,423805
14	4	366,521698
14	5	120,457798
14	6	211,8409958
14	7	74,48169708
14	8	483,2137985
14	9	2083,267803
14	10	615,6023026
14	11	1320,807808
14	12	1306,202995
14	13	2585,313606
14	14	4761,607944
14	15	391,6578979
14	16	2898,100112
14	17	1978,08701
14	18	575,3457947
14	19	85,20429993
14	611	82,1292038
14	612	55,38290024
14	614	116,4688034
14	617	154,6926041
14	620	250,1242943
14	622	61,39379883
14	624	302,5081024
14	626	273,0032043
15	1	3078,620792
15	2	2718,916342
15	3	4184,507841
15	4	968,4981003
15	5	83,36399841
15	6	160,6638031
15	7	428,9002914
15	8	1380,334415
15	9	605,9804993
15	10	619,3680038
15	11	852,0890999
15	12	368,2424965
15	13	2305,719543
15	14	2100,632904
15	15	1732,700729
15	16	2617,410213
15	17	1420,71442
15	18	450,3671036
15	19	53,43730164
15	609	71,25980377
15	611	75,43840027
15	620	170,3470993
15	624	140,1542969
16	1	4524,400414
16	2	11152,40274
16	3	8812,316987
16	4	1357,079597
16	5	146,8093948
16	6	925,6544952
16	7	322,8563004
16	8	4355,344213
16	9	4514,757059
16	10	2705,865894
16	11	1565,201195
16	12	3380,173481
16	13	5455,051111
16	14	8779,528141
16	15	682,4226151
16	16	14426,5032
16	17	5646,05798
16	18	1582,434788
16	19	909,7071877
16	610	309,4479065
16	611	254,8428001
16	612	336,7262001
16	619	54,43119812
16	620	162,4537964
16	622	368,8967056
16	624	366,6459961
16	635	102,5820999
17	1	662,6038055
17	2	1720,053993
17	3	1563,0774
17	4	231,9203949
17	5	382,0513916
17	6	230,4129028
17	8	115,8716965
17	9	466,9615021
17	10	334,6811028
17	11	109,6357994
17	12	1086,570915
17	13	2541,869308
17	14	392,9024124
17	15	353,9476929
17	16	1253,329708
17	17	2291,74338
17	619	26,60860062
18	1	6874,726984
18	2	12386,77149
18	3	9023,293236
18	4	2598,666027
18	5	707,0585976
18	6	2332,058613
18	7	671,3622971
18	8	4438,785603
18	9	2414,236214
18	10	3179,085098
18	11	2787,954693
18	12	4377,232002
18	13	7522,603191
18	14	6529,338142
18	15	2340,454285
18	16	11028,43389
18	17	3653,439194
18	18	5481,334885
18	19	299,6709976
18	609	116,3635025
18	615	157,7835999
18	624	75,84609985
19	1	10245,33169
19	2	9896,685127
19	3	10079,51695
19	4	1595,439789
19	5	910,8635101
19	6	5253,934479
19	7	2485,986893
19	8	11803,57825
19	9	6567,401163
19	10	5248,786598
19	11	4294,775658
19	12	7887,800041
19	13	11060,06306
19	14	9639,967724
19	15	4510,248177
19	16	11564,51938
19	17	3272,569016
19	18	3424,483509
19	19	12173,34169
19	609	289,8159943
19	611	187,5830994
19	612	566,2837105
19	617	46,92470169
19	619	170,3179016
19	624	1461,182108
19	626	241,5956039
609	1	17,59810066
609	3	35,19620132
609	5	79,14179993
609	9	17,59810066
609	10	50,17399979
609	11	306,8529892
609	13	135,9828033
609	17	47,99489975
609	609	28,97670078
609	610	147,9843988
609	612	17,59810066
609	613	126,7065964
609	616	279,9703979
609	617	17,59810066
609	619	157,4232979
609	620	20,86650085
610	1	718,3862839
610	2	726,5438232
610	3	145,0030041
610	10	58,00120163
610	12	125,6693001
610	13	386,6745911
610	14	96,66870117
610	17	128,8914948
610	609	54,1344986
610	610	7105,298847
610	611	42,44979858
610	614	792,6829834
610	617	54,1344986
610	619	116,6083031
611	1	27,21139908
611	2	695,1973
611	8	61,05080032
611	9	939,2797909
611	10	22,85759926
611	13	29,38829994
611	14	57,37719917
611	16	367,2958107
611	609	72,65440178
611	611	5433,645878
611	612	711,0343952
611	614	100,7600021
611	617	31,83740044
611	620	414,3755016
611	621	158,3704987
611	622	324,3811016
611	624	94,16490173
612	1	407,1047945
612	2	53,16480064
612	3	212,8033962
612	4	17,66810036
612	5	25,29750061
612	6	22,48670006
612	7	64,81170082
612	8	86,9751997
612	9	771,7339087
612	10	176,0128021
612	12	22,48670006
612	13	88,16630077
612	14	142,1478033
612	16	707,2605028
612	17	33,73000002
612	609	39,03030014
612	610	41,53139877
612	611	1073,21979
612	612	1631,332994
612	613	20,88050079
612	618	22,48670006
612	620	368,6893001
612	622	870,7203808
612	624	36,1393013
612	635	4,818600178
613	1	20,4666996
613	3	249,9880066
613	9	45,8927002
613	10	65,48699951
613	12	30,96859932
613	16	36,86740112
613	610	19,17099953
613	611	19,17099953
613	613	292,1231012
613	614	10,32289982
613	615	212,3562012
613	617	80,69210053
614	1	159,0838013
614	2	21,03590012
614	6	37,25099945
614	8	56,09569931
614	9	21,03590012
614	10	43,8246994
614	14	99,92040253
614	16	32,64550018
614	610	976,6565857
614	611	37,25099945
614	612	12,04640007
614	613	302,3904953
614	614	4096,105789
614	615	78,88459778
614	617	113,9441986
614	619	222,6296005
614	620	105,1793976
614	621	35,05979919
614	622	144,6215973
615	4	62,45090103
615	5	105,9773026
615	9	116,2778015
615	14	45,5
615	611	83,9910965
615	613	162,2911968
615	614	37,91660118
615	615	358,7349949
615	616	17,69440079
615	617	50,7241993
615	618	59,65559959
615	619	26,54170036
616	1	22,95319939
616	2	70,94619751
616	3	22,95319939
616	10	40,34189844
616	11	125,2209988
616	15	20,86650085
616	17	6,955500126
616	610	30,04780006
616	614	92,92559767
616	616	193,3630934
616	617	64,68619919
616	619	183,3272996
616	624	29,21310043
617	1	197,5767078
617	2	165,1794968
617	3	54,99560165
617	9	5,055600166
617	10	14,66549969
617	11	167,1385031
617	12	146,2442017
617	13	185,1822052
617	16	48,88499832
617	17	116,101799
617	609	63,55039978
617	610	1114,249015
617	611	21,91239929
617	612	525,5131836
617	613	596,027503
617	614	1429,997389
617	615	1009,778507
617	617	2541,157086
617	618	150,0270982
617	619	67,95950127
617	621	185,6464996
617	624	90,0802002
618	3	16,69050026
618	13	6,531099796
618	16	16,69050026
618	613	34,46960068
618	614	17,41620064
618	615	194,4812012
618	617	41,07320023
618	618	185,7368021
618	621	13,06219959
619	1	8,169300079
619	9	8,402700424
619	10	8,402700424
619	11	11,37860012
619	610	27,19659901
619	611	35,01119995
619	616	16,33860016
619	619	249,1164007
620	1	107,2638016
620	3	143,4069023
620	4	57,12960053
620	9	539,7386932
620	10	80,47800064
620	12	96,06940079
620	13	102,6001015
620	14	32,64550018
620	16	170,2448006
620	17	350,9389038
620	19	53,0489006
620	609	50,89849854
620	611	2052,584415
620	612	53,63190079
620	617	68,01139832
620	620	3230,222876
620	621	110,1785011
620	622	603,4955997
620	635	17,94869995
621	2	3,40199995
621	612	3,40199995
621	618	19,59320068
621	620	18,71100044
621	621	11,90700007
621	622	3,40199995
622	1	197,2316017
622	2	19,08690071
622	8	351,2466016
622	9	1538,196492
622	10	487,5133991
622	12	257,6736145
622	13	414,1010151
622	14	183,2346001
622	15	19,08690071
622	16	232,2244015
622	17	271,9888
622	610	95,43470001
622	611	728,0075092
622	612	499,6686974
622	614	57,26079941
622	619	42,9455986
622	620	1754,805201
622	621	137,8609977
622	622	10057,95598
622	624	171,7823944
624	1	1596,562695
624	2	2519,118717
624	3	4213,8246
624	4	126,1504021
624	6	1175,907608
624	7	1469,881998
624	8	4726,679102
624	9	3351,734436
624	10	5595,877722
624	11	1372,445198
624	12	2954,154795
624	13	4044,027111
624	14	3818,598637
624	15	371,512907
624	16	5731,99732
624	17	2004,92939
624	18	1028,404509
624	19	366,4167995
624	611	96,55979919
624	613	19,875
624	617	45,8927002
624	620	178,0218048
624	622	257,6736145
624	624	4574,549002
624	626	764,9741106
626	3	53,54150009
626	6	110,2434998
626	7	39,89070129
626	8	18,13209915
626	9	43,51710129
626	12	34,4510994
626	14	244,1089983
626	16	62,7417984
626	17	39,89070129
626	19	27,19820023
626	624	189,4807987
626	626	502,2601042
635	1	64,74420166
635	2	71,48839951
635	8	32,37210083
635	11	47,47909927
635	13	28,39609909
635	610	54,1344986
635	613	64,74420166
635	614	75,53490162
635	635	548,5177011
